500
966 113
563 355
642 465
460 299
486 57
897 596
100 70
767 766
851 534
143 104
747 604
674 348
939 58
560 58
145 31
821 73
428 325
900 71
669 537
503 399
535 65
316 184
822 218
52 28
293 250
566 194
168 11
466 134
873 682
163 91
747 463
38 21
608 460
933 478
16 14
426 366
157 124
580 357
525 90
900 711
622 462
165 4
876 524
584 171
911 33
518 456
587 574
338 129
579 31
915 893
378 243
480 244
702 632
782 306
561 247
170 75
517 148
792 379
339 54
530 487
329 196
133 30
275 185
92 33
356 315
976 836
365 67
402 230
716 234
461 205
746 715
889 662
989 984
853 680
25 15
483 305
994 691
899 662
171 75
473 40
673 76
952 398
754 650
2 1
227 175
328 176
671 323
108 75
633 195
696 253
664 113
886 566
577 521
184 140
474 288
367 140
681 120
366 310
391 242
643 452
561 222
177 6
211 118
555 477
246 51
505 235
561 531
175 135
748 307
380 260
516 83
846 130
312 197
568 296
355 289
728 451
802 626
187 72
535 519
308 29
591 376
138 132
550 263
927 448
404 217
502 233
942 421
990 230
533 145
294 267
493 254
763 134
770 351
558 45
551 460
510 135
215 184
305 73
693 440
232 171
6 1
991 684
91 15
187 54
199 82
591 274
859 155
96 94
988 455
607 472
320 295
175 139
34 25
632 591
214 63
427 158
27 25
276 111
352 243
476 84
385 71
835 586
772 267
445 65
752 468
755 744
221 131
305 285
954 740
370 355
373 274
610 403
719 620
848 77
174 118
596 136
85 47
415 173
388 108
442 144
681 537
846 371
235 129
547 108
703 586
666 170
438 400
281 245
941 765
83 46
334 32
480 227
729 261
168 166
277 59
49 29
679 64
484 79
491 266
80 42
211 133
846 752
497 411
791 284
585 50
725 275
706 513
615 612
316 184
481 231
955 553
492 182
834 458
18 14
837 13
704 173
33 17
980 757
450 419
576 533
673 520
931 902
219 82
214 2
730 446
707 130
75 45
242 167
559 230
755 599
251 80
839 367
48 30
134 106
474 129
805 745
618 200
594 395
397 176
369 300
871 202
910 86
902 37
30 27
769 553
207 95
753 582
73 66
194 150
243 30
681 281
813 325
942 734
647 415
855 2
671 257
358 335
679 135
839 198
271 59
598 308
190 20
448 128
771 503
677 584
559 454
84 63
303 269
834 240
326 104
939 766
773 125
622 404
859 383
546 16
115 24
259 147
490 209
351 60
81 68
898 455
863 219
981 394
201 177
181 148
713 449
509 91
218 27
145 62
358 186
209 133
275 59
160 131
340 297
407 199
293 148
14 4
671 167
322 284
964 398
774 38
758 688
734 143
727 69
253 2
620 394
672 386
573 411
669 31
398 227
159 25
57 21
288 281
508 487
396 62
280 159
258 183
352 92
980 794
628 52
502 8
638 288
398 154
972 757
708 407
539 383
886 470
782 773
899 511
92 31
751 645
408 74
978 880
94 44
427 281
696 32
249 16
693 441
52 19
558 2
163 11
137 97
523 77
527 61
836 831
867 794
514 51
140 95
451 33
832 363
226 84
693 582
500 419
105 89
134 100
42 18
138 112
446 156
404 141
977 279
384 357
259 7
418 329
54 41
376 263
444 376
973 860
228 93
408 294
514 185
176 8
132 38
184 127
967 729
633 18
408 227
33 23
292 6
795 311
563 181
518 99
560 130
577 361
679 556
815 248
234 24
23 1
278 10
477 60
933 840
333 112
252 205
785 53
426 106
399 54
719 286
381 243
817 757
639 166
746 421
363 180
177 50
13 4
888 714
190 20
569 270
670 337
526 242
768 493
700 616
7 4
429 329
699 241
841 227
123 54
105 43
773 93
771 242
344 276
607 67
639 244
613 531
471 26
200 90
307 234
604 21
870 190
468 321
277 27
208 96
933 645
140 97
921 667
85 62
14 4
574 52
380 290
636 308
304 297
58 27
865 742
410 372
378 240
543 410
527 150
667 564
618 78
33 25
350 147
612 551
970 164
86 73
804 547
628 283
119 5
113 10
35 11
635 586
110 45
724 39
118 27
449 284
988 232
65 44
31 21
179 117
855 490
476 328
991 492
398 334
949 248
857 410
561 22
260 222
88 11
402 39
668 357
816 649
993 628
981 312
199 78
103 32
34 26
423 377
987 341
550 475
327 200
988 587
595 101
987 882
366 249
565 282
107 105
922 149
921 209
548 207
32 16
153 94
727 183
736 527
