225
146
288
138
113
294
40
764
216
64
460
22
115
115
61
145
222
141
404
294
129
52
435
4
206
387
21
267
490
18
178
4
312
22
12
306
90
134
179
522
302
7
172
341
65
394
560
257
61
870
108
8
562
611
493
149
295
757
107
444
62
59
94
65
274
696
133
58
467
409
684
434
978
506
4
126
388
424
149
79
151
795
546
1
122
24
645
42
389
505
225
246
464
96
102
279
239
254
92
260
443
11
24
398
101
469
500
94
613
140
165
259
82
24
222
174
450
143
502
57
160
126
525
895
30
465
841
459
289
240
14
267
701
89
368
269
152
145
186
110
1
376
29
107
163
547
309
92
909
336
270
102
16
550
125
315
22
221
134
167
141
336
533
129
184
732
40
264
526
340
174
196
520
153
62
271
8
345
215
287
392
741
22
215
468
339
362
208
588
8
63
453
521
164
117
8
127
157
40
4
54
658
324
567
99
549
320
608
52
461
150
363
82
10
25
345
33
534
388
490
366
872
163
3
162
259
14
92
459
442
159
733
12
78
257
684
399
196
351
230
403
171
73
24
336
189
410
58
106
59
561
649
526
182
3
513
312
269
395
117
18
39
255
234
490
348
42
234
479
207
592
249
186
765
31
47
34
417
119
54
12
437
787
152
114
184
181
53
123
14
56
117
102
254
397
2
7
333
246
795
75
618
285
137
3
168
100
248
61
56
49
41
274
466
123
38
108
183
608
103
15
575
307
542
106
226
54
764
122
61
538
147
782
87
134
63
31
188
37
3
21
56
153
121
826
720
101
50
65
725
167
470
338
72
66
35
86
311
281
557
330
13
240
28
150
308
746
185
180
369
15
75
70
490
35
46
12
11
621
361
197
259
144
432
495
47
1
19
119
746
223
158
105
211
107
571
104
696
331
96
359
99
7
540
39
539
4
483
218
532
7
228
481
453
107
85
185
483
208
133
487
448
51
179
160
41
379
174
53
191
356
54
412
38
7
103
200
615
290
53
618
334
102
276
299
460
155
16
293
490
327
60
290
565
9
19
21
536
89
77
53
118
463
22
10
54
124
180
983
270
495
819
43
184
21
77
46
482
262
623
155
63
18
330
681
400
72
186
201
776
132
563
102
297
417
413
31
34
365
318
