500
905146 4
163279 6
495319 1
807064 6
946270 4
597490 0
367336 6
940225 0
184263 1
733256 7
412548 7
587675 4
813976 1
830691 3
450396 4
982003 0
592191 7
923440 6
325916 3
83411 3
70802 2
175465 1
570577 7
468960 6
73568 2
524563 0
809263 3
137031 0
475513 2
432457 0
175928 8
788578 2
597913 8
864538 2
163560 5
319892 3
548186 5
894857 8
72043 0
698153 2
471005 7
378006 0
985604 5
449174 0
256932 6
442200 6
919032 6
187979 6
258336 0
58064 8
527476 3
605401 6
385366 7
453622 7
423083 8
779981 7
295790 3
819420 8
586808 2
34977 8
893164 6
608167 1
477711 3
803431 2
514005 4
368278 1
261658 8
65608 6
83625 0
115693 6
39685 1
323750 7
541995 0
35531 7
382694 3
516521 4
518803 3
682842 8
253961 3
58555 8
352822 4
705427 8
802676 4
502032 2
808164 1
494891 4
935842 6
766625 3
310272 8
775696 8
644136 1
702130 7
663756 1
545252 3
153850 6
737271 3
880960 5
2711 5
463090 2
368882 3
968165 4
946062 4
58664 3
549606 4
661401 1
880647 3
376841 4
588731 7
864877 5
844593 6
840013 0
50499 1
635922 4
763630 8
77551 8
685045 6
293999 6
991890 2
53614 5
450695 3
433242 8
872092 4
580681 4
313151 7
489697 1
139338 4
764535 0
826555 2
40298 8
27338 7
6481 0
525465 5
861608 0
252366 5
584704 8
683642 5
822550 8
155661 7
127720 6
100736 8
219335 1
601614 8
414807 4
973909 0
892999 8
476802 7
680007 2
947648 2
176294 0
392403 8
387014 1
671260 0
645409 7
61536 4
907951 6
996682 4
609996 7
313207 4
869691 8
9901 3
454327 4
383392 3
800197 7
787346 2
330093 6
130577 7
94881 6
681939 5
38762 6
660083 5
221956 1
780144 4
817661 4
545355 4
937785 1
172700 4
750640 8
626887 0
669292 0
422175 5
761450 5
512663 8
867083 4
887460 8
325621 0
999092 8
108958 2
321424 5
749656 6
717248 2
884386 8
633146 6
916202 0
726713 8
595963 4
238031 6
802274 6
641290 7
319872 0
971240 0
125576 2
512684 4
701640 1
484597 1
683756 3
556265 4
949816 2
798720 4
477749 2
103563 1
649723 1
872362 0
667803 3
299738 5
645651 7
576486 2
759949 8
154556 0
539897 7
485488 0
824649 8
428273 1
329993 0
93819 3
365281 0
362267 8
967940 1
960392 1
126441 1
507424 3
812006 5
933157 6
289188 2
628650 4
556688 4
69087 6
633879 3
518277 5
594059 6
953967 7
25543 1
780183 7
410447 8
615927 1
75335 7
629536 5
872891 7
193577 6
538408 5
241196 5
668144 4
681079 5
525997 8
107313 1
274014 1
804103 1
323484 8
675924 4
698716 1
98308 6
474709 1
513690 8
784560 0
300963 4
759047 5
108979 7
815747 5
913532 7
347283 7
842960 6
177179 4
56794 2
685834 3
768768 2
161148 3
24615 2
436870 5
666882 3
948014 2
776875 6
414602 0
450841 3
761535 5
550945 7
484459 0
823041 3
962541 0
627269 7
917036 4
522387 7
334386 3
66093 0
442339 7
437072 8
814483 1
498934 1
321381 8
335993 1
779667 6
521043 1
261757 1
228116 4
549176 0
461006 4
890273 3
313988 2
808000 0
266706 2
643318 0
73026 6
715734 0
708926 1
853675 5
653534 8
411998 1
911375 0
963121 1
50112 1
74842 0
469781 2
994349 8
650032 7
242587 8
272461 1
14800 3
760921 2
660829 0
492500 0
699382 7
894668 3
657558 4
68635 5
151332 2
527739 1
942508 6
46293 1
636181 8
380028 8
537454 0
478630 5
106038 4
594859 2
481316 1
544212 4
396505 3
777671 1
858810 0
547476 1
799974 1
546880 4
11227 7
889461 5
456489 0
406104 5
893923 3
622993 6
825817 5
258645 5
360554 6
68444 0
20907 2
639560 7
955542 4
218433 6
369419 1
402306 4
570670 1
606234 0
545738 2
189171 3
626838 0
266889 1
196352 2
807161 6
934296 7
231679 2
283061 5
622192 0
808594 0
426085 0
548573 8
304737 0
866682 4
787968 7
323811 2
734225 7
456591 3
523920 6
733210 4
998684 6
20961 5
744042 3
691693 5
716202 7
374597 6
318689 6
583897 4
114417 0
720427 6
379603 1
108083 2
545316 8
146837 3
857173 3
951633 2
514305 3
728234 4
269734 5
851030 1
174251 0
696890 3
924012 3
283197 0
481373 7
459740 0
684401 8
636524 6
260085 2
135071 5
606771 2
318909 0
7810 6
743698 3
828111 3
476665 7
103245 0
285954 5
834928 6
940898 7
461151 5
984161 4
92667 5
937132 5
784278 0
751444 0
819557 3
403269 4
943382 0
654908 1
495675 8
937912 5
56383 4
596374 2
599054 8
445386 2
370245 7
395332 7
787919 8
35008 0
782362 2
854521 6
616017 8
587453 0
819318 5
151052 4
81906 5
363927 1
690072 7
368950 0
562380 5
118143 4
700371 5
896822 4
706690 4
554100 1
210516 8
992649 3
624200 5
730792 3
547739 5
241614 1
309419 3
829980 3
960734 7
672160 2
502445 7
523181 4
763328 3
354403 6
402497 7
688881 5
905617 3
259586 6
258775 6
562783 1
543702 0
638254 2
766607 2
878777 4
227076 0
605518 7
102375 0
591480 0
720981 2
584738 8
62291 2
872491 4
446834 5
205065 4
173677 2
