4
6721
1
6
3730
1
2664
886
15737
66744
0
0
6024
9309
49604
108
0
0
74084
589
1
24535
9423
1040
0
0
1
80
0
0
1
0
0
0
40
80108
51814
5143
68
0
8995
105
396
0
68
0
0
0
0
936
0
94599
0
0
7
20019
0
80580
0
0
6
33
0
0
995
0
1
4392
0
7
0
50
0
0
17306
0
1
7158
39
445
0
0
0
968
36
5109
0
0
0
0
64
97870
0
0
0
2729
0
0
0
31118
0
3938
0
394
599
0
9
69
0
0
1098
0
0
0
0
14955
0
0
6386
0
0
0
0
0
0
0
0
3445
1
662
0
74535
3
7634
5296
0
77450
0
0
0
665
0
85193
2
7001
3198
0
0
0
0
6
1
0
0
0
0
0
0
30309
0
45673
16608
1
0
0
3
0
0
8
0
44
6
0
4645
0
0
0
0
0
1
10
0
0
12540
0
0
0
0
44
52
15614
66854
9
0
0
0
0
0
0
1
4424
1
360
0
244
0
0
0
0
96437
0
0
1
0
0
0
0
0
1
0
75351
0
0
181
0
0
0
0
73559
0
0
0
10812
0
0
913
6121
81723
0
1
0
19817
0
4073
4665
64
7109
0
61592
0
6
0
0
92687
6
97
6
1
4
0
0
0
1
0
953
1
253
0
717
10
0
0
6
0
0
5385
0
0
0
125
9
0
65
0
0
959
0
731
0
1
65614
18
0
0
5517
0
9
0
33
957
243
0
0
38994
1
0
3111
33294
0
1
0
0
6325
0
8002
0
79
88
0
0
0
0
3
1
0
9
282
11
0
0
0
1
1
0
0
0
9
9972
0
0
0
0
684
5788
3495
1
1
0
0
3120
1
0
0
0
77
77007
183
1355
9446
0
9093
0
8
0
1
97694
0
4877
0
0
0
0
1
9
0
68321
0
0
2517
26
427
6374
0
12032
6189
65775
0
0
0
16
0
0
0
83798
0
11
0
0
0
0
0
0
3
1
0
95
1
0
970
0
0
0
0
7
1
5599
63476
39915
929
0
2
0
302
0
3335
7866
46
0
0
9
839
0
0
0
0
0
96731
0
0
0
0
0
0
0
0
9755
0
2081
103
638
0
0
0
0
0
0
0
8
1
37620
7
0
0
0
100
0
0
0
9208
52261
386
90581
0
66
840
0
0
672
0
1
0
0
1
0
0
9
46
0
0
35
0
8736
1
9019
5262
709
9
0
0
0
